892420643555336193,32822,6848
892177421306343426,28373,5159
891815181378084864,21301,3404
891689557279858688,35780,7059
891327558926688256,34206,7569
891087950875897856,17225,2540
890971913173991426,10040,1615
890729181411237888,55176,15394
890609185150312448,23758,3546
890240255349198849,27083,5958
890006608113172480,26218,6004
889880896479866881,23769,4054
889665388333682689,40797,8164
889638837579907072,22969,3635
889531135344209921,12939,1848
889278841981685760,21385,4343
888917238123831296,24839,3676
888804989199671297,21760,3452
888554962724278272,16801,2829
888078434458587136,18517,2832
887705289381826560,25760,4422
887517139158093824,39404,9595
887473957103951883,58456,14691
887343217045368832,28654,8566
887101392804085760,26098,4870
886983233522544640,29477,6165
886736880519319552,10194,2562
886680336477933568,19115,3657
886366144734445568,17979,2559
886267009285017600,101,4
886258384151887873,23786,5150
886054160059072513,0,90
885984800019947520,27774,5491
885528943205470208,30632,5210
885518971528720385,17348,3041
885311592912609280,0,15095
885167619883638784,18647,3587
884925521741709313,65367,14644
884876753390489601,23626,4558
884562892145688576,20646,3804
884441805382717440,23079,4696
884247878851493888,61697,16553
884162670584377345,17373,2444
883838122936631299,18539,2792
883482846933004288,38927,8072
883360690899218434,19309,3007
883117836046086144,31543,5417
882992080364220416,20365,3175
882762694511734784,24052,4014
882627270321602560,23834,4947
882268110199369728,38096,9374
882045870035918850,24921,3983
881906580714921986,20764,2777
881666595344535552,43153,8728
881633300179243008,112,8
881536004380872706,42106,13084
881268444196462592,19793,4362
880935762899988482,14534,2271
880872448815771648,18142,3141
880465832366813184,24293,5098
880221127280381952,22940,3388
880095782870896641,23525,3567
879862464715927552,19092,2860
879674319642796034,281,9
879492040517615616,20046,2570
879415818425184262,90212,36580
879376492567855104,14407,2598
879130579576475649,0,5591
879050749262655488,19187,3853
879008229531029506,16258,2194
878776093423087618,16547,3350
878604707211726852,25644,5779
878404777348136964,0,1049
878316110768087041,0,5408
878281511006478336,6572,1049
878057613040115712,35813,5591
877736472329191424,67283,15461
877556246731214848,19268,3089
877316821321428993,23434,4248
877201837425926144,23146,4520
876838120628539392,17640,2741
876537666061221889,20283,3871
876484053909872640,16047,1955
876120275196170240,23882,3825
875747767867523072,21420,3499
875144289856114688,18834,4072
875097192612077568,23460,4978
875021211251597312,21814,3876
874680097055178752,23770,3825
874434818259525634,0,11963
874296783580663808,22264,3399
874057562936811520,19388,3295
874012996292530176,29162,8394
873580283840344065,20701,3267
873337748698140672,0,1301
873213775632977920,6125,1301
872967104147763200,23339,4453
872820683541237760,12678,3087
872620804844003328,17689,2993
872486979161796608,34908,7483
872122724285648897,29314,6668
871879754684805121,32066,9063
871762521631449091,17314,2906
871515927908634625,17332,2875
871166179821445120,0,4776
871102520638267392,17996,4561
871032628920680449,19552,3159
870804317367881728,28871,5159
870726314365509632,101,3
870656317836468226,10541,2150
870374049280663552,71176,22036
870308999962521604,18873,3473
870063196459192321,31458,6927
869772420881756160,36666,8448
869702957897576449,24252,5285
869596645499047938,13693,2576
869227993411051520,17576,3131
868880397819494401,56278,11986
868639477480148993,0,1705
868622495443632128,22891,4365
868552278524837888,8650,1705
867900495410671616,20935,3491
867774946302451713,29386,6119
867421006826221569,13883,2077
867072653475098625,0,99
867051520902168576,27864,6649
866720684873056260,17325,4049
866686824827068416,16630,2906
866450705531457537,105550,29484
866334964761202691,45241,11963
866094527597207552,0,7016
865718153858494464,22189,4707
865359393868664832,22885,4191
865006731092295680,24288,6519
864873206498414592,27939,7321
864279568663928832,12648,2517
864197398364647424,25909,7404
863907417377173506,17880,3520
863553081350529029,13247,3564
863471782782697472,0,2038
863432100342583297,20616,4467
863427515083354112,1916,80
863079547188785154,7689,934
863062471531167744,7293,2038
862831371563274240,16718,4353
862722525377298433,14873,3022
862457590147678208,17751,4150
862096992088072192,64481,19562
861383897657036800,31410,9067
861288531465048066,14910,3505
861005113778896900,14510,3255
860981674716409858,0,1819
860924035999428608,0,659
860563773140209665,6527,1819
860524505164394496,20552,4486
860276583193509888,16006,2992
860184849394610176,14546,4999
860177593139703809,0,26065
859924526012018688,17043,3490
859851578198683649,13544,3004
859607811541651456,16318,1346
859196978902773760,78216,25699
859074603037188101,29617,11725
858860390427611136,0,6930
858843525470990336,13749,2964
858471635011153920,18908,4173
858107933456039936,13820,2479
857989990357356544,14044,2218
857746408056729600,29954,9146
857393404942143489,5153,1406
857263160327368704,17763,3892
857214891891077121,198,16
857062103051644929,0,142
857029823797047296,16613,3424
856543823941562368,14358,2491
856526610513747968,10487,1615
856288084350160898,472,14
856282028240666624,24532,5460
855862651834028034,293,21
855860136149123072,4282,841
855857698524602368,10515,1811
855851453814013952,40240,15580
855818117272018944,23565,4697
855459453768019968,26357,7153
855245323840757760,0,5144
855138241867124737,0,36
854732716440526848,20099,5237
854482394044301312,25818,5898
854365224396361728,16681,4050
854120357044912130,28294,6448
854010172552949760,14344,2741
853760880890318849,25297,5024
853639147608842240,30707,8683
853299958564483072,13708,3109
852936405516943360,0,1754
852912242202992640,7983,1552
852672615818899456,13209,1869
852553447878664193,14445,3049
852311364735569921,29446,8667
852226086759018497,17799,5943
852189679701164033,10225,1395
851591660324737024,14513,3058
851464819735769094,21619,6167
851224888060895234,18457,5047
850753642995093505,27361,7936
850380195714523136,11678,2279
850333567704068097,3091,298
850145622816686080,14598,3322
850019790995546112,18204,4282
849776966551130114,27077,6673
849668094696017920,0,4343
849412302885593088,14231,2771
849336543269576704,10221,1651
849051919805034497,37749,7446
848690551926992896,22523,3850
848324959059550208,22157,4075
848213670039564288,7293,633
848212111729840128,14560,2657
847978865427394560,0,2847
847971574464610304,0,382
847962785489326080,21128,4482
847842811428974592,4891,1167
847617282490613760,6240,370
847606175596138505,16842,3016
847251039262605312,18387,3830
847157206088847362,17794,5121
847116187444137987,19225,2814
846874817362120707,18092,3481
846514051647705089,39936,10169
846505985330044928,12635,2702
846153765933735936,28305,7987
846139713627017216,27940,8938
846042936437604353,14375,2531
845812042753855489,26230,7699
845677943972139009,22696,4289
845397057150107648,6873,1580
845306882940190720,21010,4755
845098359547420673,0,6789
844979544864018432,12329,2279
844973813909606400,13556,2795
844580511645339650,14817,2763
844223788422217728,12324,1958
843981021012017153,13703,2646
843856843873095681,19373,4090
843604394117681152,15264,2431
843235543001513987,19399,5282
842846295480000512,13818,3233
842765311967449089,6118,1157
842535590457499648,16361,3092
842163532590374912,22075,5144
842115215311396866,12667,2690
841833993020538882,0,13295
841680585030541313,23302,6990
841439858740625411,11358,3226
841320156043304961,17877,4915
841314665196081154,14313,4153
841077006473256960,20614,4776
840761248237133825,0,1580
840728873075638272,0,14353
840698636975636481,155,2
840696689258311684,11138,868
840632337062862849,8176,1580
840370681858686976,14869,4077
840268004936019968,17371,5096
839990271299457024,12160,2018
839549326359670784,24853,6930
839290600511926273,0,128
839239871831150596,24526,5807
838952994649550848,17853,3586
838921590096166913,10101,1815
838916489579200512,0,29
838831947270979586,0,9802
838561493054533637,9894,1204
838476387338051585,20412,4277
838201503651401729,0,8997
838150277551247360,1531,295
838085839343206401,127,0
838083903487373313,15989,2793
837820167694528512,30913,7016
837482249356513284,3487,397
837471256429613056,11624,2028
837110210464448512,14593,2141
836989968035819520,11599,2071
836753516572119041,17581,4166
836677758902222849,11487,1972
836648853927522308,0,496
836397794269200385,0,24566
836380477523124226,13472,2687
836260088725786625,19317,3898
836001077879255040,17362,3818
835685285446955009,0,7263
835574547218894849,16162,3234
835536468978302976,0,1519
835309094223372289,0,18712
835297930240217089,14935,2679
835264098648616962,7014,1519
835246439529840640,1948,63
835172783151792128,23825,5186
835152434251116546,20354,2695
834931633769889797,9798,1459
834786237630337024,19571,4990
834574053763584002,12438,2266
834477809192075265,0,9553
834458053273591808,8769,1513
834209720923721728,18697,4244
834167344700198914,14351,3280
834089966724603904,9158,1922
834086379323871233,11866,1996
833863086058651648,12237,2159
833826103416520705,16592,3425
833732339549220864,0,199
833722901757046785,19061,2940
833479644947025920,13604,1845
833124694597443584,18403,4343
832998151111966721,12063,1956
832769181346996225,0,37
832757312314028032,15345,3250
832682457690300417,10827,2600
832645525019123713,2648,473
832636094638288896,14433,2493
832397543355072512,10870,1995
832369877331693569,15556,2847
832273440279240704,10290,2093
832215909146226688,0,5603
832215726631055365,0,8413
832088576586297345,56,2
832040443403784192,0,8622
832032802820481025,16182,4188
831939777352105988,21813,5524
831926988323639298,311,33
831911600680497154,25097,5842
831670449226514432,9477,1655
831650051525054464,6463,1754
831552930092285952,8218,2113
831322785565769729,8473,1406
831315979191906304,6007,1012
831309418084069378,10736,2203
831262627380748289,10820,1852
830956169170665475,7279,1355
830583320585068544,60700,15095
830173239259324417,0,5130
830097400375152640,8884,2629
829878982036299777,0,4486
829861396166877184,11145,1761
829501995190984704,29006,9553
829449946868879360,9600,1823
829141528400556032,22243,6633
829011960981237760,48487,14624
828801551087042563,0,3084
828770345708580865,23323,5265
828708714936930305,33224,10084
828650029636317184,8669,1210
828409743546925057,5855,1058
828408677031882754,7041,1162
828381636999917570,11494,2015
828376505180889089,6780,969
828372645993398273,11505,2662
828361771580813312,2013,161
828046555563323392,10733,2601
828011680017821696,9454,1949
827933404142436356,18306,4719
827653905312006145,14118,2730
827600520311402496,6856,856
827324948884643840,14511,2751
827199976799354881,9701,2013
826958653328592898,19691,4486
826848821049180160,33016,9155
826615380357632002,0,3602
826598799820865537,4706,224
826598365270007810,9178,2135
826476773533745153,16863,3816
826240494070030336,12132,2373
826204788643753985,4460,842
826115272272650244,14296,2803
825876512159186944,9613,1704
825829644528148480,11658,2282
825535076884762624,51974,15855
825147591692263424,16716,4086
825120256414846976,0,1154
825026590719483904,5737,1154
824796380199809024,0,4984
824775126675836928,13644,3199
824663926340194305,9653,1618
824325613288833024,10847,9606
824297048279236611,13837,3486
824025158776213504,4388,539
823939628516474880,9745,2479
823719002937630720,0,10144
823699002998870016,12696,2261
823581115634085888,11857,2391
823333489516937216,639,20
823322678127919110,14378,3638
823269594223824897,0,9028
822975315408461824,15873,3122
822872901745569793,120299,38952
822859134160621569,12056,2069
822647212903690241,0,5835
822610361945911296,13558,2663
822489057087389700,16624,5835
822462944365645825,25692,12898
822244816520155136,32142,9028
822163064745328640,0,4281
821886076407029760,10357,2098
821813639212650496,0,3054
821765923262631936,7665,1534
821522889702862852,7355,1604
821421320206483457,0,5027
821407182352777218,10816,3922
821153421864615936,229,8
821149554670182400,7884,1790
821107785811234820,8772,1922
821044531881721856,11576,2079
820837357901512704,0,6106
820749716845686786,28917,8997
820690176645140481,11262,2948
820494788566847489,0,515
820446719150292993,0,2355
820314633777061888,3065,515
820078625395449857,18110,5656
820013781606658049,0,1062
819952236453363712,4877,1062
819924195358416896,11892,4448
819711362133872643,12216,2798
819588359383371776,8846,1834
819347104292290561,6634,1099
819238181065359361,2066,373
819227688460238848,21162,6106
819015337530290176,0,33776
819015331746349057,0,17408
819006400881917954,41799,17409
819004803107983360,80418,33776
818646164899774465,0,19012
818627210458333184,20636,6912
818614493328580609,9036,2310
818588835076603904,0,5568
818536468981415936,9964,2223
818307523543449600,0,7303
818259473185828864,10120,2030
818145370475810820,11279,2320
817908911860748288,4481,722
817827839487737858,47391,24566
817777686764523521,9931,2469
817536400337801217,10840,2676
817502432452313088,0,3063
817423860136083457,31022,13295
817415592588222464,5159,868
817181837579653120,0,7697
817171292965273600,8049,1824
817120970343411712,11204,2358
817056546584727552,7909,1486
816829038950027264,0,4292
816816676327063552,9220,1860
816697700272001025,8982,2004
816450570814898180,27915,7303
816336735214911488,7944,1762
816091915477250048,8269,1952
816062466425819140,0,922
816014286006976512,0,4775
815990720817401858,4559,922
815966073409433600,20589,7697
815745968457060357,0,3778
815736392542261248,9038,2078
815639385530101762,7554,1523
815390420867969024,9538,3488
814986499976527872,7057,1173
814638523311648768,10399,2476
814578408554463233,0,5330
814530161257443328,8022,1715
814153002265309185,26563,7921
813944609378369540,0,2904
813910438903693312,8587,1709
813812741911748608,33628,12718
813800681631023104,7660,1609
813217897535406080,17201,6716
813202720496779264,8533,1666
813187593374461952,18264,3959
813172488309972993,8547,1773
813157409116065792,7154,2026
813142292504645637,7840,2197
813130366689148928,4133,411
813127251579564032,10935,2870
813112105746448384,9532,2518
813096984823349248,9715,3314
813081950185472002,9166,2548
813066809284972545,7354,1797
813051746834595840,19392,6693
812781120811126785,6959,1757
812709060537683968,6093,1328
812503143955202048,5570,1124
812466873996607488,7355,1769
812372279581671427,12581,3358
811985624773361665,6723,1288
811744202451197953,6976,1439
811647686436880384,5158,670
811627233043480576,11742,2786
811386762094317568,19271,5855
810984652412424192,4904,1299
810896069567610880,8293,1603
810657578271330305,10130,2414
810284430598270976,32400,10290
810254108431155201,13508,3084
809920764300447744,14324,3602
809808892968534016,0,4489
809448704142938112,6428,1337
809220051211603969,18325,5130
809084759137812480,12177,3211
808838249661788160,9351,2801
808733504066486276,7296,1995
808501579447930884,10447,2416
808344865868283904,39171,19012
808134635716833280,0,5388
808106460588765185,8144,2023
808001312164028416,11517,3240
807621403335917568,13461,3321
807106840509214720,108594,50465
807059379405148160,0,6733
807010152071229440,12063,3526
806629075125202948,68630,31680
806620845233815552,0,5023
806576416489959424,4516,1766
806542213899489280,9461,2177
806242860592926720,0,10650
806219024703037440,5958,1103
805958939288408065,0,4914
805932879469572096,7649,1764
805826884734976000,6069,1686
805823200554876929,0,7306
805520635690676224,5333,1514
805487436403003392,8092,2329
805207613751304193,7262,1589
804738756058218496,12569,3524
804475857670639616,5670,1836
804413760345620481,0,2945
804026241225523202,41038,14710
803773340896923648,9290,2537
803692223237865472,0,6743
803638050916102144,10114,3809
803380650405482500,7169,1736
803321560782307329,0,4854
803276597545603072,9261,2254
802952499103731712,8355,1830
802624713319034886,0,2680
802600418706604034,6574,1356
802572683846291456,8262,2307
802323869084381190,14908,5362
802265048156610565,6426,1269
802239329049477120,8411,2396
802185808107208704,0,245
801958328846974976,7164,1558
801854953262350336,1683,217
801538201127157760,7586,1908
801285448605831168,5590,760
801167903437357056,22429,5388
801127390143516673,0,3623
801115127852503040,7450,1951
800859414831898624,637,89
800855607700029440,0,1488
800751577355128832,9821,2578
800513324630806528,12100,2757
800459316964663297,8787,2016
800443802682937345,0,3939
800388270626521089,10283,2585
800188575492947969,0,3594
800141422401830912,14140,2355
800018252395122689,26201,12028
799774291445383169,0,4273
799757965289017345,7736,1970
799422933579902976,7445,1751
799308762079035393,0,4978
799297110730567681,9123,2499
799063482566066176,7470,2296
798933969379225600,12078,4071
798925684722855936,6933,1330
798705661114773508,0,6083
798701998996647937,0,7066
798697898615730177,0,5954
798694562394996736,0,4537
798686750113755136,0,2134
798682547630837760,0,4331
798673117451325440,0,5101
798665375516884993,0,3611
798644042770751489,0,1710
798628517273620480,0,1829
798585098161549313,0,5150
798576900688019456,0,5356
798340744599797760,0,3073
798209839306514432,9653,2381
797971864723324932,10666,2838
797545162159308800,13442,4535
797236660651966464,18436,6034
797165961484890113,207,24
796904159865868288,0,8166
796865951799083009,7104,1802
796759840936919040,10878,2770
796563435802726400,0,6560
796484825502875648,6970,1614
796387464403357696,10155,3803
796177847564038144,0,13058
796149749086875649,29674,13058
796125600683540480,4591,1635
796116448414461957,8381,2203
796080075804475393,7771,2122
796031486298386433,9958,3413
795464331001561088,45575,21490
795400264262053889,9272,2633
795076730285391872,14919,4984
794983741416415232,0,3104
794926597468000259,9395,2117
794355576146903043,0,9473
794332329137291264,8869,2485
794205286408003585,8522,3047
793962221541933056,15469,4489
793845145112371200,8499,1712
793614319594401792,0,2848
793601777308463104,7362,1495
793500921481273345,9805,2185
793286476301799424,22648,8413
793271401113350145,7993,2210
793256262322548741,18419,7630
793241302385262592,9685,3009
793226087023144960,9045,2670
793210959003287553,8210,2557
793195938047070209,14067,5184
793180763617361921,6383,1827
793165685325201412,8647,2587
793150605191548928,5666,1555
793135492858580992,5931,2295
793120401413079041,11694,3598
792913359805018113,13193,3635
792883833364439040,10385,3914
792773781206999040,6777,1545
792394556390137856,12358,3935
792050063153438720,6586,1640
791821351946420224,0,19233
791784077045166082,0,8686
791780927877898241,0,3482
791774931465953280,41659,20301
791672322847637504,10792,2848
791406955684368384,12120,3778
791312159183634433,8068,2309
791026214425268224,0,3717
790987426131050500,9029,1946
790946055508652032,15402,4292
790723298204217344,0,2100
790698755171364864,7576,1765
790581949425475584,19054,6510
790337589677002753,7200,1735
790277117346975746,11526,2904
790227638568808452,0,3236
789986466051088384,8566,2100
789960241177853952,0,3724
789903600034189313,9501,3793
789628658055020548,6882,1600
789599242079838210,6204,1753
789530877013393408,10788,3104
789314372632018944,7961,2088
789280767834746880,0,4491
789268448748703744,8418,2391
789137962068021249,8942,2547
788908386943430656,25254,11388
788765914992902144,25175,9473
788552643979468800,0,6511
788412144018661376,14321,4833
788178268662984705,6704,1946
788150585577050112,5649,1177
788070120937619456,0,3155
788039637453406209,5621,1199
787810552592695296,7914,2788
787717603741622272,9415,2525
787397959788929025,10015,2604
787322443945877504,7180,1602
787111942498508800,0,6170
786963064373534720,24500,7263
786729988674449408,0,2213
786709082849828864,16838,5603
786664955043049472,9767,2308
786595970293370880,8700,2854
786363235746385920,10014,3145
786286427768250368,7363,2603
786233965241827333,13964,4281
786051337297522688,1321,143
786036967502913536,0,6369
785927819176054784,10459,2916
785872687017132033,6144,1641
785639753186217984,7205,2065
785533386513321988,8304,1796
785515384317313025,5621,1130
785264754247995392,6720,1487
785170936622350336,11045,4388
784826020293709826,9305,2945
784517518371221505,8260,2310
784431430411685888,5291,1159
784183165795655680,18425,7306
784057939640352768,27294,10144
783839966405230592,27556,9802
783821107061198850,6798,1791
783695101801398276,9599,2927
783466772167098368,7733,2037
783391753726550016,15554,4993
783347506784731136,0,5035
783334639985389568,26753,10650
783085703974514689,7512,1981
782969140009107456,22163,6733
782747134529531904,6880,1290
782722598790725632,15858,4914
782598640137187329,7161,1732
782305867769217024,15275,5027
782021823840026624,0,5592
781955203444699136,10263,3065
781661882474196992,9593,2466
781655249211752448,3673,1032
781524693396357120,18993,5023
781308096455073793,6552,2337
781251288990355457,7669,1887
781163403222056960,8969,2522
780931614150983680,19851,6560
780858289093574656,6579,1823
780800785462489090,5033,1175
780601303617732608,11042,3054
780543529827336192,5801,1599
780496263422808064,0,3348
780476555013349377,0,103
780459368902959104,4854,979
780192070812196864,7986,2038
780092040432480260,0,2079
780074436359819264,11110,4478
779834332596887552,17249,6369
779377524342161408,8017,2818
779124354206535695,0,16677
779056095788752897,13525,4125
778990705243029504,18270,6527
778774459159379968,0,8935
778764940568104960,797,328
778748913645780993,6269,1180
778650543019483137,5264,1366
778624900596654080,4218,925
778408200802557953,12534,3931
778396591732486144,0,11064
778383385161035776,5342,999
778286810187399168,9462,2994
778039087836069888,7788,2403
778027034220126208,6001,1456
777953400541634568,0,3186
777885040357281792,5815,1482
777684233540206592,10306,2680
777641927919427584,0,3841
777621514455814149,7990,2298
777189768882946048,12950,3892
776819012571455488,0,12283
776813020089548800,4485,1098
776477788987613185,8016,2502
776249906839351296,0,8270
776218204058357768,27398,14389
776201521193218049,8775,2284
776113305656188928,10786,3939
776088319444877312,1674,140
775898661951791106,0,15213
775842724423557120,10707,2406
775733305207554048,12670,3623
775729183532220416,11888,4180
775364825476165632,6772,2658
775350846108426240,9297,3535
775085132600442880,14225,4273
774757898236878852,7890,1617
774639387460112384,6190,1570
774314403806253056,19965,4978
773985732834758656,9883,3508
773922284943896577,5895,1587
773704687002451968,6046,1463
773670353721753600,4914,1194
773547596996571136,20230,5568
773336787167145985,0,4544
773308824254029826,21300,6789
773247561583001600,8624,2942
773191612633579521,9120,3720
772877495989305348,7845,3516
772826264096874500,7335,2156
772615324260794368,0,3047
772581559778025472,5936,1552
772193107915964416,5519,1259
772152991789019136,3485,1029
772117678702071809,3454,669
772114945936949249,2515,429
772102971039580160,3654,842
771908950375665664,5999,1718
771770456517009408,10899,3073
771500966810099713,7572,2377
771380798096281600,9646,4544
771171053431250945,0,6724
771136648247640064,8382,2659
771102124360998913,5691,1296
771014301343748096,6287,1498
770787852854652928,4471,1077
770772759874076672,4742,1297
770655142660169732,6710,1629
770414278348247044,5773,1884
770293558247038976,5684,1318
770093767776997377,0,2754
770069151037685760,6933,2081
769940425801170949,28508,8622
769695466921623552,5866,1525
769335591808995329,0,6988
769212283578875904,4957,1570
768970937022709760,13047,5852
768909767477751808,0,2375
768855141948723200,3822,807
768609597686943744,3749,1069
768596291618299904,4615,1167
768554158521745409,0,5243
768473857036525572,12444,3094
768193404517830656,9883,3186
767884188863397888,4347,1246
767754930266464257,14538,4854
767500508068192258,6849,2098
767191397493538821,11201,3392
767122157629476866,9283,2573
766793450729734144,4611,1222
766714921925144576,2388,339
766693177336135680,3675,708
766423258543644672,5482,1419
766313316352462849,6181,1685
766078092750233600,0,2367
766069199026450432,3834,754
766008592277377025,3425,447
765719909049503744,6590,1948
765669560888528897,4699,1104
765395769549590528,24335,3047
765371061932261376,6501,1956
765222098633691136,10625,3047
764857477905154048,5915,1608
764259802650378240,5477,1350
763956972077010945,711,48
763837565564780549,11425,3717
763183847194451968,4904,1316
763167063695355904,0,2687
763103485927849985,6722,2057
762699858130116608,11015,3236
762471784394268675,10259,5784
762464539388485633,9371,3724
762316489655476224,4380,1012
762035686371364864,29102,14007
761976711479193600,4905,1775
761750502866649088,0,3508
761745352076779520,3903,780
761672994376806400,45087,26065
761599872357261312,3770,1067
761371037149827077,0,16273
761334018830917632,4687,1309
761292947749015552,4064,981
761227390836215808,4833,1402
761004547850530816,10336,3155
760893934457552897,3469,871
760656994973933572,6013,1703
760641137271070720,4542,1164
760539183865880579,6883,3253
760521673607086080,3824,1259
760290219849637889,24379,10349
760252756032651264,3616,782
760190180481531904,5222,1607
760153949710192640,0,27
759943073749200896,5397,1885
759846353224826880,6109,1766
759793422261743616,5430,1728
759557299618865152,4294,1085
759447681597108224,7671,2213
759446261539934208,1520,446
759197388317847553,5568,1770
759159934323924993,0,1048
759099523532779520,13261,3737
759047813560868866,5907,1802
758854675097526272,3229,818
758828659922702336,10184,3459
758740312047005698,5231,1474
758474966123810816,3450,899
758467244762497024,4356,1989
758405701903519748,4751,1719
758355060040593408,3055,940
758099635764359168,17263,8935
758041019896193024,2442,333
757741869644341248,6235,2954
757729163776290825,0,7054
757725642876129280,4140,1080
757611664640446465,4168,990
757597904299253760,0,272
757596066325864448,3963,938
757400162377592832,13761,6197
757393109802180609,5324,1558
757354760399941633,4101,1273
756998049151549440,5686,1795
756939218950160384,6044,1803
756651752796094464,4548,1164
756526248105566208,9421,3210
756303284449767430,3590,984
756288534030475264,40037,15929
756275833623502848,5812,1374
755955933503782912,6662,2569
755206590534418437,14906,4814
755110668769038337,19239,9959
754874841593970688,0,7072
754856583969079297,6286,2265
754747087846248448,2347,464
754482103782404096,4804,1751
754449512966619136,3402,657
754120377874386944,7181,2121
753655901052166144,5310,1951
753420520834629632,7130,3166
753398408988139520,5221,1692
753375668877008896,6920,2079
753298634498793472,0,5085
753294487569522689,3019,934
753039830821511168,33684,18712
753026973505581056,3556,854
752932432744185856,11472,6170
752917284578922496,6316,1407
752701944171524096,0,2566
752682090207055872,5456,1427
752660715232722944,3972,1396
752568224206688256,4986,2052
752519690950500352,6657,3073
752334515931054080,3501,986
752309394570878976,0,14635
752173152931807232,5409,1629
751950017322246144,2789,813
751937170840121344,4718,1174
751830394383790080,5308,1749
751793661361422336,5263,2552
751598357617971201,7220,2759
751583847268179968,3976,990
751538714308972544,4585,1129
751456908746354688,2930,909
751251247299190784,11425,5271
751205363882532864,5730,1638
751132876104687617,4595,1164
750868782890057730,4354,1218
750719632563142656,11932,4491
750506206503038976,4017,1021
750429297815552001,11985,3841
750383411068534784,4137,1016
750381685133418496,654,25
750147208377409536,2838,862
750132105863102464,3285,1148
750117059602808832,3948,1183
750101899009982464,2779,760
750086836815486976,1968,479
750071704093859840,7073,2974
750056684286914561,2875,804
750041628174217216,2890,558
750026558547456000,2455,703
750011400160841729,2928,802
749996283729883136,2754,740
749981277374128128,4672,2220
749774190421639168,4234,1179
749417653287129088,5528,1481
749403093750648834,2381,479
749395845976588288,7762,3093
749317047558017024,4953,2004
749075273010798592,5213,1836
749064354620928000,4376,1375
749036806121881602,2801,719
748977405889503236,9744,3060
748932637671223296,5275,2018
748705597323898880,2514,852
748699167502000129,4281,1432
748692773788876800,3845,1206
748575535303884801,5503,1771
748568946752774144,1986,593
748346686624440324,4705,1098
748337862848962560,6900,3656
748324050481647620,3362,667
748307329658011649,3347,640
748220828303695873,12850,6931
747963614829678593,5234,1913
747933425676525569,6012,2305
747885874273214464,2652,858
747844099428986880,2554,663
747816857231626240,4389,1030
747651430853525504,1241,138
747648653817413632,11691,5204
747600769478692864,2105,513
747594051852075008,3320,935
747512671126323200,4985,1447
747461612269887489,3491,915
747439450712596480,4916,1718
747242308580548608,0,2571
747219827526344708,4763,1412
747204161125646336,3038,809
747103485104099331,8667,3542
746906459439529985,2646,260
746872823977771008,5430,1887
746818907684614144,4819,1557
746790600704425984,4420,1428
746757706116112384,8608,3482
746726898085036033,5488,1611
746542875601690625,4582,1707
746521445350707200,0,876
746507379341139972,4260,970
746369468511756288,5603,1449
746131877086527488,6212,1952
746056683365994496,3220,719
745789745784041472,3565,941
745712589599014916,6323,2069
745433870967832576,6381,2264
745422732645535745,7738,2153
745314880350101504,6440,2439
745074613265149952,7079,3112
745057283344719872,6558,2016
744995568523612160,2659,555
744971049620602880,7120,2393
744709971296780288,5075,1397
744334592493166593,6178,1888
744234799360020481,141283,69120
744223424764059648,1490,320
743980027717509120,3776,981
743895849529389061,3301,858
743835915802583040,0,1826
743609206067040256,4052,1236
743595368194129920,16497,5819
743545585370791937,3190,846
743510151680958465,7203,3329
743253157753532416,3827,1096
743222593470234624,5574,1704
743210557239623680,3475,1217
742534281772302336,6398,3211
742528092657332225,3990,1763
742465774154047488,6554,3522
742423170473463808,8821,3348
742385895052087300,6100,1733
742161199639494656,3904,1220
742150209887731712,4581,1366
741793263812808706,4112,1361
741743634094141440,7369,2448
741438259667034112,3322,731
741303864243200000,7901,2852
741099773336379392,8994,4901
741067306818797568,8622,2754
740995100998766593,5668,2410
740711788199743490,3064,839
740699697422163968,2566,692
740676976021798912,16371,6083
740373189193256964,31598,11849
740365076218183684,2198,378
740359016048689152,2969,781
740214038584557568,5992,1754
739979191639244800,17945,5243
739932936087216128,3634,958
739844404073074688,3430,772
739623569819336705,3405,1215
739606147276148736,4842,1469
739544079319588864,35568,18863
739485634323156992,6418,2589
739238157791694849,104224,51623
738891149612572673,87,6
738885046782832640,3402,1018
738883359779196928,2954,705
738537504001953792,4574,1362
738402415918125056,2921,730
738184450748633089,3868,1086
738166403467907072,7865,2975
738156290900254721,2219,573
737826014890496000,4694,1569
737800304142471168,8965,3115
737678689543020544,4512,1164
737445876994609152,9213,3980
737322739594330112,3237,714
737310737551491075,13201,6604
736736130620620800,3777,1521
736392552031657984,15927,6511
736365877722001409,3585,1085
736225175608430592,7292,2490
736010884653420544,7077,2649
735991953473572864,3222,1023
735648611367784448,3644,984
735635087207878657,5509,2091
735274964362878976,11760,4438
735256018284875776,2994,790
735137028879360001,2819,861
734912297295085568,2474,463
734787690684657664,11274,5660
734776360183431168,2261,480
734559631394082816,1344,346
733828123016450049,3212,701
733822306246479872,3301,901
733482008106668032,2807,834
733460102733135873,3772,1120
733109485275860992,48035,15213
732732193018155009,2169,473
732726085725589504,3198,779
732585889486888962,3276,701
732375214819057664,7241,2241
732005617171337216,13332,4775
731285275100512256,3118,881
731156023742988288,3453,1117
730924654643314689,5465,1745
730573383004487680,4346,1873
730427201120833536,3122,923
730211855403241472,3398,940
730196704625098752,4320,1664
729854734790754305,3616,989
729838605770891264,1556,334
729823566028484608,3553,1104
729463711119904772,5186,2050
729113531270991872,1698,286
728986383096946689,2811,725
728760639972315136,4174,1508
728751179681943552,2468,604
728653952833728512,2987,927
728409960103686147,4376,1789
728387165835677696,3319,861
728046963732717569,3818,1062
728035342121635841,4044,1476
728015554473250816,3683,969
727685679342333952,2652,559
727644517743104000,5254,1557
727524757080539137,3988,1059
727314416056803329,2991,661
727286334147182592,2735,727
727175381690781696,3491,1213
727155742655025152,3246,1170
726935089318363137,6136,2151
726887082820554753,3448,1342
726828223124897792,3204,896
726224900189511680,3954,1019
725842289046749185,6343,2367
725786712245440512,3741,1223
725729321944506368,4657,1570
725458796924002305,1279,550
724983749226668032,3350,1141
724771698126512129,2099,559
724405726123311104,4744,1479
724049859469295616,3861,1585
724046343203856385,2390,507
724004602748780546,3747,1369
723912936180330496,3494,1100
723688335806480385,6885,2596
723673163800948736,2722,800
723179728551723008,4743,1654
722974582966214656,3688,1400
722613351520608256,4466,1460
721503162398597120,4133,1610
721001180231503872,2288,543
720785406564900865,2774,683
720775346191278080,2207,549
720415127506415616,3694,1327
720389942216527872,5712,2211
720340705894408192,2561,850
720059472081784833,3457,996
720043174954147842,4448,1774
719991154352222208,4367,1564
719704490224398336,4045,1263
719551379208073216,4543,1681
719367763014393856,2538,674
719339463458033665,3982,1095
719332531645071360,3095,830
718971898235854848,3122,956
718939241951195136,4670,1549
718631497683582976,16880,7066
718613305783398402,2182,423
718540630683709445,2189,907
718460005985447936,2419,463
718454725339934721,4390,1351
718246886998687744,1706,435
718234618122661888,3464,891
717841801130979328,2220,536
717790033953034240,2569,966
717537687239008257,5160,1620
717428917016076293,1440,398
717421804990701568,2793,737
717047459982213120,5622,1700
717009362452090881,2910,856
716802964044845056,3860,1027
716791146589110272,8224,1462
716730379797970944,1110,392
716447146686459905,11703,5199
716439118184652801,2136,183
716285507865542656,2492,946
716080869887381504,6070,1674
715928423106027520,2859,771
715758151270801409,3332,1265
715733265223708672,4164,1499
715704790270025728,2496,506
715696743237730304,3487,1137
715680795826982913,3878,1420
715360349751484417,4906,1384
715342466308784130,2715,607
715220193576927233,2152,576
715200624753819648,4627,1648
715009755312439296,3715,1078
714982300363173890,3332,911
714962719905021952,6553,3753
714957620017307648,3718,1258
714631576617938945,2938,871
714606013974974464,3267,812
714485234495041536,2394,992
714258258790387713,2736,660
714251586676113411,2945,746
714214115368108032,2070,782
714141408463036416,3882,1245
713919462244790272,2959,701
713909862279876608,1703,475
713900603437621249,2538,641
713761197720473600,4344,1213
713411074226274305,3990,1158
713177543487135744,6474,2543
713175907180089344,3974,1303
712809025985978368,17085,5954
712717840512598017,11042,4431
712668654853337088,3721,1082
712438159032893441,4763,1387
712309440758808576,217,24
712097430750289920,3362,915
712092745624633345,2631,785
712085617388212225,2932,426
712065007010385924,2016,559
711998809858043904,0,119
711968124745228288,7207,2046
711743778164514816,2547,886
711732680602345472,7893,3611
711694788429553666,29534,16273
711652651650457602,3456,806
711363825979756544,3240,1001
711306686208872448,2972,660
711008018775851008,2660,546
710997087345876993,4102,1235
710844581445812225,2290,599
710833117892898816,2404,464
710658690886586372,2082,504
710609963652087808,4320,2119
710588934686908417,4082,1661
710296729921429505,2138,657
710283270106132480,1932,470
710272297844797440,4038,1113
710269109699739648,2140,992
710153181850935296,2630,794
710140971284037632,2457,783
710117014656950272,4917,1752
709918798883774466,3129,962
709901256215666688,594,89
709852847387627521,3150,1070
709566166965075968,3171,1047
709556954897764353,2932,966
709519240576036864,1346,216
709449600415961088,1961,506
709409458133323776,2377,604
709225125749587968,2151,514
709207347839836162,11181,5082
709198395643068416,2205,574
709179584944730112,1816,589
709158332880297985,1823,358
709042156699303936,4215,1449
708853462201716736,1636,583
708845821941387268,2689,792
708834316713893888,1498,437
708810915978854401,14873,6144
708738143638450176,2480,725
708711088997666817,2285,628
708479650088034305,2282,607
708469915515297792,2755,712
708400866336894977,14323,8889
708356463048204288,3225,1176
708349470027751425,2136,662
708149363256774660,3890,1386
708130923141795840,3026,767
708119489313951744,2414,868
708109389455101952,1757,490
708026248782585858,3971,1713
707995814724026368,2792,987
707983188426153984,43,2
707969809498152960,2425,854
707776935007539200,2932,851
707741517457260545,2230,543
707738799544082433,3639,2155
707693576495472641,3033,899
707629649552134146,2300,771
707610948723478529,15217,5592
707420581654872064,2017,610
707411934438625280,2065,531
707387676719185920,3130,1119
707377100785885184,2927,956
707315916783140866,2231,564
707297311098011648,2507,697
707059547140169728,2342,610
707038192327901184,1971,698
707021089608753152,3645,1203
707014260413456384,2065,534
706904523814649856,13129,6988
706901761596989440,1843,505
706681918348251136,2950,876
706644897839910912,2295,958
706593038911545345,1934,567
706538006853918722,3114,1265
706516534877929472,2815,913
706346369204748288,3079,823
706310011488698368,19061,6991
706291001778950144,1526,425
706265994973601792,2442,825
706169069255446529,3517,1975
706166467411222528,4613,1417
706153300320784384,1327,336
705975130514706432,2792,652
705970349788291072,2851,784
705898680587526145,2121,487
705786532653883392,1757,455
705591895322394625,2817,1007
705475953783398401,2665,805
705442520700944385,3966,1429
705428427625635840,3408,1491
705239209544720384,2677,662
705223444686888960,2321,706
705102439679201280,1921,467
705066031337840642,1965,548
704871453724954624,3892,993
704859558691414016,2009,467
704847917308362754,4577,1340
704819833553219584,2380,881
704761120771465216,5957,2571
704499785726889984,2578,878
704491224099647488,667,68
704480331685040129,3060,955
704364645503647744,7160,3164
704347321748819968,1407,305
704134088924532736,1354,403
704113298707505153,1664,509
704054845121142784,2626,831
703774238772166656,1662,395
703769065844768768,2920,998
703631701117943808,2305,586
703611486317502464,3441,1347
703425003149250560,3399,1191
703407252292673536,2211,611
703382836347330562,3133,1006
703356393781329922,1723,338
703268521220972544,1785,487
703079050210877440,6639,2736
703041949650034688,23685,11064
702932127499816960,2296,633
702899151802126337,1450,401
702684942141153280,2897,945
702671118226825216,1960,494
702598099714314240,10995,3072
702539513671897089,2579,846
702332542343577600,2851,1359
702321140488925184,2938,929
702276748847800320,2225,682
702217446468493312,4261,1192
701981390485725185,3065,869
701952816642965504,3435,905
701889187134500865,3168,1236
701805642395348998,3052,1479
701601587219795968,1881,410
701570477911896070,2505,815
701545186879471618,2388,533
701214700881756160,10980,4537
700890391244103680,1984,499
700864154249383937,2336,546
700847567345688576,2215,442
700796979434098688,2186,840
700747788515020802,20473,8270
700518061187723268,2324,705
700505138482569216,2043,512
700462010979500032,3685,1595
700167517596164096,2354,636
700151421916807169,1998,590
700143752053182464,6726,2375
700062718104104960,2380,594
700029284593901568,1868,522
700002074055016451,2953,1175
699801817392291840,2707,834
699788877217865730,1998,461
699779630832685056,2441,1083
699775878809702401,1767,530
699691744225525762,9216,4055
699446877801091073,5353,2340
699434518667751424,1980,457
699423671849451520,1216,281
699413908797464576,1875,554
699370870310113280,1695,380
699323444782047232,2832,772
699088579889332224,2019,551
699079609774645248,2198,555
699072405256409088,2636,1060
699060279947165696,3357,1583
699036661657767936,2348,1070
698989035503689728,3009,853
698953797952008193,2411,799
698907974262222848,2282,545
698710712454139905,2210,601
698703483621523456,1288,331
698635131305795584,1158,304
698549713696649216,2084,545
698355670425473025,1660,387
698342080612007937,2029,847
698262614669991936,4279,1748
698195409219559425,15110,5330
698178924120031232,2529,660
697995514407682048,1375,298
697990423684476929,2948,1149
697943111201378304,2150,594
697881462549430272,2721,1031
697630435728322560,1557,487
697616773278015490,2827,902
697596423848730625,2693,1103
697575480820686848,1839,442
697516214579523584,1834,974
697482927769255936,2183,587
697463031882764288,3083,1240
697270446429966336,4243,1678
697259378236399616,2951,877
697255105972801536,2782,1032
697242256848379904,2273,604
696900204696625153,2854,911
696894894812565505,2113,607
696886256886657024,4348,1593
696877980375769088,2203,625
696754882863349760,1337,320
696744641916489729,1851,821
696713835009417216,2124,574
696518437233913856,3549,1533
696490539101908992,1106,120
696488710901260288,2260,903
696405997980676096,2856,1030
696100768806522880,1725,579
695816827381944320,2694,1025
695794761660297217,2845,685
695767669421768709,1671,650
695629776980148225,4093,1848
695446424020918272,4001,1617
695409464418041856,7768,3170
695314793360662529,3268,1270
695095422348574720,2402,533
695074328191332352,2551,968
695064344191721472,1448,517
695051054296211456,2372,706
694925794720792577,2431,801
694905863685980160,2467,815
694669722378485760,32108,12768
694356675654983680,1361,245
694352839993344000,1839,533
694342028726001664,1426,424
694329668942569472,1781,440
694206574471057408,3723,1822
694183373896572928,2643,829
694001791655137281,3051,906
693993230313091072,1691,354
693942351086120961,1571,320
693647888581312512,2405,510
693644216740769793,1224,114
693642232151285760,2283,371
693629975228977152,2219,711
693622659251335168,1399,330
693590843962331137,4531,1739
693582294167244802,1488,219
693486665285931008,1596,553
693280720173801472,3028,1098
693267061318012928,2155,715
693262851218264065,2004,443
693231807727280129,2590,654
693155686491000832,7090,2836
693109034023534592,1524,545
693095443459342336,1650,397
692919143163629568,2439,681
692905862751522816,2182,772
692901601640583168,1581,529
692894228850999298,2029,699
692828166163931137,2587,779
692752401762250755,6118,3224
692568918515392513,3942,1364
692535307825213440,2830,1210
692530551048294401,1651,361
692423280028966913,1337,191
692417313023332352,8408,3063
692187005137076224,2276,731
692158366030913536,1921,708
692142790915014657,1476,349
692041934689402880,3056,1110
692017291282812928,2612,845
691820333922455552,3541,1454
691793053716221953,7294,3743
691756958957883396,2538,868
691675652215414786,1757,454
691483041324204033,2138,490
691459709405118465,3633,997
691444869282295808,2371,734
691416866452082688,17390,6743
691321916024623104,2319,587
691096613310316544,2681,780
691090071332753408,1558,296
690989312272396288,5306,2546
690959652130045952,3227,1090
690938899477221376,3694,1709
690932576555528194,2957,879
690735892932222976,3403,1122
690728923253055490,1939,456
690690673629138944,2088,733
690649993829576704,1174,244
690607260360429569,275,14
690597161306841088,1736,536
690400367696297985,1703,394
690374419777196032,2896,754
690360449368465409,2388,775
690348396616552449,1336,457
690248561355657216,1496,362
690021994562220032,2523,909
690015576308211712,2241,648
690005060500217858,3297,1522
689999384604450816,1266,323
689993469801164801,1323,395
689977555533848577,1233,399
689905486972461056,2210,607
689877686181715968,2738,1022
689835978131935233,1965,671
689661964914655233,2921,837
689659372465688576,9285,3409
689623661272240129,1993,570
689599056876867584,10503,4939
689557536375177216,1855,393
689517482558820352,3062,1269
689289219123089408,2029,829
689283819090870273,2940,977
689280876073582592,1785,631
689275259254616065,1027,218
689255633275777024,2286,955
689154315265683456,2790,877
689143371370250240,1831,449
688916208532455424,2436,760
688908934925697024,1898,696
688898160958271489,1881,701
688894073864884227,2018,609
688828561667567616,1253,309
688804835492233216,869,165
688789766343622656,2004,591
688547210804498433,2338,611
688519176466644993,2101,647
688385280030670848,8309,4000
688211956440801280,2032,729
688179443353796608,1922,518
688116655151435777,2552,684
688064179421470721,1549,313
687841446767013888,4884,2195
687826841265172480,2458,989
687818504314159109,2232,847
687807801670897665,2130,638
687732144991551489,1580,585
687704180304273409,2189,757
687664829264453632,1760,463
687494652870668288,1715,518
687480748861947905,1440,215
687476254459715584,1778,471
687460506001633280,1842,483
687399393394311168,1703,541
687317306314240000,18198,8165
687312378585812992,3921,1698
687127927494963200,4858,2009
687124485711986689,1974,453
687109925361856513,5243,2194
687102708889812993,2112,854
687096057537363968,2025,544
686947101016735744,7780,2837
686760001961103360,3168,1236
686749460672679938,3130,1292
686730991906516992,3716,1070
686683045143953408,2549,717
686618349602762752,3335,1216
686606069955735556,1705,482
686394059078897668,1552,625
686386521809772549,2928,767
686377065986265092,1994,500
686358356425093120,1941,577
686286779679375361,3627,1484
686050296934563840,2024,647
686035780142297088,1035,101
686034024800862208,2779,1008
686007916130873345,2233,355
686003207160610816,1641,553
685973236358713344,1886,466
685943807276412928,1464,520
685906723014619143,6743,2537
685681090388975616,1835,105
685667379192414208,2137,506
685663452032069632,2910,1308
685641971164143616,2644,687
685547936038666240,29640,13815
685532292383666176,2746,1028
685325112850124800,8465,3508
685321586178670592,2393,570
685315239903100929,2956,926
685307451701334016,1870,384
685268753634967552,2759,1047
685198997565345792,2086,583
685169283572338688,3685,1254
684969860808454144,2159,319
684959798585110529,6147,2754
684940049151070208,2883,918
684926975086034944,3122,409
684914660081053696,3144,1289
684902183876321280,1664,455
684880619965411328,1871,707
684830982659280897,31557,19231
684800227459624960,2456,892
684594889858887680,7984,3103
684588130326986752,3733,1255
684567543613382656,2704,1078
684538444857667585,2372,834
684481074559381504,3478,1048
684460069371654144,1775,490
684241637099323392,7315,2891
684225744407494656,1109,182
684222868335505415,3417,1214
684200372118904832,1922,920
684195085588783105,1714,448
684188786104872960,3126,1020
684177701129875456,1817,578
684147889187209216,2657,1331
684122891630342144,1812,415
684097758874210310,3696,1262
683857920510050305,3428,995
683852578183077888,1749,309
683849932751646720,2354,834
683834909291606017,2355,999
683828599284170753,2523,955
683773439333797890,2981,1192
683742671509258241,5818,2946
683515932363329536,6662,2566
683498322573824003,2850,855
683481228088049664,2387,884
683462770029932544,2174,606
683449695444799489,3492,1427
683391852557561860,6851,2134
683357973142474752,2609,810
683142553609318400,2577,921
683111407806746624,3056,809
683098815881154561,1948,578
683078886620553216,1797,507
683030066213818368,1943,649
682962037429899265,32924,14592
682808988178739200,1581,149
682788441537560576,2230,1001
682750546109968385,1361,386
682697186228989953,1178,326
682662431982772225,2726,959
682638830361513985,1850,523
682429480204398592,3090,1017
682406705142087680,6767,1555
682393905736888321,2009,580
682389078323662849,1493,418
682303737705140231,2755,871
682259524040966145,3689,1056
682242692827447297,2884,1019
682088079302213632,16354,8686
682059653698686977,4425,1509
682047327939461121,2870,833
682032003584274432,5914,1755
682003177596559360,2784,1338
681981167097122816,2521,901
681891461017812993,2203,730
681694085539872773,11481,3594
681679526984871937,1587,391
681654059175129088,2358,804
681610798867845120,1689,410
681579835668455424,3168,1156
681523177663676416,12858,5085
681340665377193984,1474,246
681339448655802368,8357,3625
681320187870711809,2351,657
681302363064414209,3502,1593
681297372102656000,2897,836
681281657291280384,2893,975
681261549936340994,1290,233
681242418453299201,1316,459
681231109724700672,2178,430
681193455364796417,3318,1302
680970795137544192,2160,573
680959110691590145,4130,1779
680940246314430465,2846,914
680934982542561280,1865,385
680913438424612864,2152,551
680889648562991104,1561,315
680836378243002368,3109,1157
680805554198020098,1914,593
680801747103793152,2128,727
680798457301471234,2540,922
680609293079592961,2342,615
680583894916304897,3222,1168
680497766108381184,3785,1695
680494726643068929,1536,427
680473011644985345,2292,653
680440374763077632,1290,424
680221482581123072,1318,254
680206703334408192,2515,1014
680191257256136705,1934,434
680176173301628928,3458,1361
680161097740095489,2088,649
680145970311643136,3224,1522
680130881361686529,2051,836
680115823365742593,2441,811
680100725817409536,3217,1217
680085611152338944,11477,7981
680070545539371008,2324,760
679877062409191424,1731,567
679872969355714560,1957,584
679862121895714818,2186,538
679854723806179328,2544,1075
679844490799091713,2133,675
679828447187857408,32294,12283
679777920601223168,2785,972
679736210798047232,1865,702
679729593985699840,1948,731
679722016581222400,1493,420
679530280114372609,4266,1841
679527802031484928,2355,642
679511351870550016,2987,1115
679503373272485890,2833,1310
679475951516934144,1865,565
679462823135686656,28697,16677
679405845277462528,2105,1044
679158373988876288,18941,7072
679148763231985668,2485,896
679132435750195208,2614,1012
679111216690831360,5288,2254
679062614270468097,15105,7054
679047485189439488,2015,578
679001094530465792,2536,1071
678991772295516161,2017,995
678969228704284672,1456,404
678800283649069056,2295,799
678798276842360832,3091,1005
678774928607469569,2508,800
678767140346941444,3139,1198
678764513869611008,1452,411
678755239630127104,6350,2874
678740035362037760,3313,1462
678708137298427904,4987,2135
678675843183484930,2536,1289
678643457146150913,1822,351
678446151570427904,3574,1341
678424312106393600,4883,2213
678410210315247616,3734,1578
678399652199309312,71680,27966
678396796259975168,1417,364
678389028614488064,1666,369
678380236862578688,2181,801
678341075375947776,1531,465
678334497360859136,1156,220
678278586130948096,10172,5385
678255464182861824,1416,320
678023323247357953,1695,335
678021115718029313,12044,5499
677961670166224897,3063,1493
677918531514703872,1185,352
677895101218201600,4279,1797
677716515794329600,2711,851
677700003327029250,3031,1257
677698403548192770,1086,279
677687604918272002,2206,733
677673981332312066,2959,1315
677662372920729601,1733,827
677644091929329666,1660,713
677573743309385728,1891,584
677565715327688705,1154,401
677557565589463040,2167,988
677547928504967168,6165,3215
677530072887205888,938,196
677335745548390400,2676,1514
677334615166730240,1195,246
677331501395156992,962,202
677328882937298944,3248,1308
677314812125323265,1459,457
677301033169788928,1082,348
677269281705472000,1754,624
677228873407442944,3138,1421
677187300187611136,2427,792
676975532580409345,2460,927
676957860086095872,1974,709
676949632774234114,1151,344
676948236477857792,1908,756
676946864479084545,1530,320
676942428000112642,1828,657
676936541936185344,11301,4331
676916996760600576,2633,1585
676897532954456065,1991,626
676864501615042560,1834,611
676821958043033607,20169,13477
676819651066732545,1611,587
676811746707918848,1272,368
676776431406465024,4426,1769
676617503762681856,2559,836
676613908052996102,957,169
676606785097199616,1673,381
676603393314578432,1018,332
676593408224403456,4024,1837
676590572941893632,814,105
676588346097852417,2031,679
676582956622721024,1044,247
676575501977128964,2272,974
676533798876651520,1660,482
676496375194980353,1334,456
676470639084101634,10312,4086
676440007570247681,1529,576
676430933382295552,1227,298
676263575653122048,1836,470
676237365392908289,1054,240
676219687039057920,69223,27199
676215927814406144,1523,505
676191832485810177,1999,894
676146341966438401,1715,573
676121918416756736,1903,1006
676101918813499392,2525,1030
676098748976615425,2610,1221
676089483918516224,1147,381
675898130735476737,1402,494
675891555769696257,1869,743
675888385639251968,2064,819
675878199931371520,3674,1217
675870721063669760,1425,484
675853064436391936,2366,1110
675849018447167488,839,122
675845657354215424,1991,761
675822767435051008,1345,467
675820929667219457,931,199
675798442703122432,9092,2989
675781562965868544,1416,412
675740360753160193,1031,288
675710890956750848,1634,704
675707330206547968,1745,586
675706639471788032,563,82
675534494439489536,1619,348
675531475945709568,1039,319
675522403582218240,910,244
675517828909424640,1114,398
675501075957489664,15109,5101
675497103322386432,2742,1105
675489971617296384,1118,523
675483430902214656,1613,830
675432746517426176,1333,493
675372240448454658,1490,445
675362609739206656,916,187
675354435921575936,28911,14635
675349384339542016,3444,1957
675334060156301312,2420,1107
675166823650848770,3098,1351
675153376133427200,5457,2216
675149409102012420,3269,1469
675147105808306176,826,193
675146535592706048,1036,248
675145476954566656,1869,761
675135153782571009,1134,403
675113801096802304,1693,675
675111688094527488,843,209
675109292475830276,2452,979
675047298674663426,906,268
675015141583413248,2352,1007
675006312288268288,850,194
675003128568291329,1351,395
674999807681908736,1936,934
674805413498527744,733,304
674800520222154752,2625,732
674793399141146624,2158,929
674790488185167872,960,213
674788554665512960,703,180
674781762103414784,1749,1013
674774481756377088,958,397
674767892831932416,1586,680
674764817387900928,681,197
674754018082705410,1198,374
674752233200820224,1271,388
674743008475090944,1227,452
674742531037511680,420,42
674739953134403584,944,320
674737130913071104,562,79
674690135443775488,1002,404
674670581682434048,1411,554
674664755118911488,794,200
674646392044941312,1231,418
674644256330530816,903,235
674638615994089473,1480,499
674632714662858753,1313,491
674606911342424069,826,85
674468880899788800,5448,1753
674447403907457024,931,305
674436901579923456,958,336
674422304705744896,1248,452
674416750885273600,587,113
674410619106390016,1038,388
674394782723014656,1297,478
674372068062928900,738,274
674330906434379776,483,64
674318007229923329,1215,440
674307341513269249,9888,5918
674291837063053312,12834,5035
674271431610523648,1358,629
674269164442398721,798,199
674265582246694913,1424,718
674262580978937856,1148,370
674255168825880576,1268,455
674082852460433408,656,141
674075285688614912,861,243
674063288070742018,5560,1877
674053186244734976,2870,1096
674051556661161984,1257,421
674045139690631169,1236,549
674042553264685056,619,107
674038233588723717,947,359
674036086168010753,739,180
674024893172875264,1546,1057
674019345211760640,984,257
674014384960745472,1352,545
674008982932058114,1060,294
673956914389192708,1704,819
673919437611909120,1031,314
673906403526995968,2773,1397
673887867907739649,817,218
673716320723169284,2700,660
673715861853720576,3079,1777
673711475735838725,917,259
673709992831262724,728,229
673708611235921920,933,250
673707060090052608,964,336
673705679337693185,1098,349
673700254269775872,1250,486
673697980713705472,3416,1661
673689733134946305,1495,557
673688752737402881,1094,425
673686845050527744,1247,365
673680198160809984,1194,398
673662677122719744,1096,318
673656262056419329,628,192
673636718965334016,966,303
673612854080196609,1389,616
673583129559498752,1036,304
673580926094458881,715,230
673576835670777856,1197,475
673363615379013632,910,263
673359818736984064,1255,579
673355879178194945,1299,486
673352124999274496,1455,467
673350198937153538,662,181
673345638550134785,2169,1080
673343217010679808,835,231
673342308415348736,1104,481
673320132811366400,11648,6724
673317986296586240,755,213
673295268553605120,6558,2687
673270968295534593,919,307
673240798075449344,1235,603
673213039743795200,1912,706
673148804208660480,1446,534
672997845381865473,1697,616
672995267319328768,818,245
672988786805112832,850,251
672984142909456390,1083,460
672980819271634944,1582,871
672975131468300288,1447,761
672970152493887488,808,297
672968025906282496,1137,454
672964561327235073,1226,540
672902681409806336,1181,414
672898206762672129,765,349
672884426393653248,1333,718
672877615439593473,880,295
672834301050937345,1124,492
672828477930868736,1081,407
672640509974827008,844,267
672622327801233409,1123,411
672614745925664768,1058,507
672609152938721280,933,332
672604026190569472,940,332
672594978741354496,1137,518
672591762242805761,818,277
672591271085670400,625,153
672538107540070400,878,308
672523490734551040,536,142
672488522314567680,968,361
672482722825261057,963,511
672481316919734272,624,109
672475084225949696,1259,601
672466075045466113,1160,436
672272411274932228,5590,2870
672267570918129665,1276,523
672264251789176834,993,280
672256522047614977,2447,1302
672254177670729728,1242,638
672248013293752320,1486,510
672245253877968896,591,128
672239279297454080,796,270
672231046314901505,1583,867
672222792075620352,689,169
672205392827572224,1924,987
672169685991993344,888,312
672160042234327040,751,299
672139350159835138,1510,585
672125275208069120,2069,960
672095186491711488,852,323
672082170312290304,818,315
672068090318987265,1110,436
671896809300709376,7401,3611
671891728106971137,1146,470
671882082306625538,3022,1180
671879137494245376,1218,561
671874878652489728,1080,470
671866342182637568,977,410
671855973984772097,779,362
671789708968640512,6147,2945
671768281401958400,1019,421
671763349865160704,1457,758
671744970634719232,1171,640
671743150407421952,656,196
671735591348891648,1258,644
671729906628341761,7293,3726
671561002136281088,11086,6173
671550332464455680,794,182
671547767500775424,1185,489
671544874165002241,1699,876
671542985629241344,938,474
671538301157904385,820,333
671536543010570240,1013,338
671533943490011136,884,489
671528761649688577,717,208
671520732782923777,1196,441
671518598289059840,820,245
671511350426865664,1386,595
671504605491109889,6078,3058
671497587707535361,800,375
671488513339211776,862,405
671486386088865792,498,168
671485057807351808,657,190
671390180817915904,1258,640
671362598324076544,956,254
671357843010908160,345,132
671355857343524864,406,102
671347597085433856,811,361
671186162933985280,615,173
671182547775299584,951,278
671166507850801152,759,299
671163268581498880,1421,947
671159727754231808,310,67
671154572044468225,607,184
671151324042559489,568,127
671147085991960577,567,189
671141549288370177,997,561
671138694582165504,798,333
671134062904504320,635,157
671122204919246848,3009,2149
671115716440031232,1188,660
671109016219725825,978,373
670995969505435648,943,235
670842764863651840,21386,7404
670840546554966016,511,165
670838202509447168,955,586
670833812859932673,371,108
670832455012716544,625,181
670826280409919488,4748,3434
670823764196741120,658,157
670822709593571328,534,82
670815497391357952,2708,1284
670811965569282048,957,226
670807719151067136,1028,422
670804601705242624,1691,804
670803562457407488,295,75
670797304698376195,643,199
670792680469889025,719,234
670789397210615808,569,209
670786190031921152,515,164
670783437142401025,708,323
670782429121134593,1313,643
670780561024270336,686,246
670778058496974848,290,62
670764103623966721,935,364
670755717859713024,385,86
670733412878163972,829,440
670727704916926465,719,311
670717338665226240,1020,407
670704688707301377,677,310
670691627984359425,504,207
670679630144274432,645,235
670676092097810432,210,35
670668383499735048,9199,4217
670474236058800128,1307,626
670468609693655041,307,77
670465786746662913,840,456
670452855871037440,477,173
670449342516494336,1056,559
670444955656130560,5898,1710
670442337873600512,568,173
670435821946826752,911,427
670434127938719744,1236,551
670433248821026816,288,98
670428280563085312,1193,509
670427002554466305,449,140
670421925039075328,1105,537
670420569653809152,527,261
670417414769758208,487,280
670411370698022913,1748,753
670408998013820928,475,182
670403879788544000,367,125
670385711116361728,481,169
670374371102445568,655,230
670361874861563904,284,54
670338931251150849,365,95
670319130621435904,3368,1048
670303360680108032,375,104
670290420111441920,613,245
670093938074779648,888,274
670086499208155136,599,212
670079681849372674,1909,1037
670073503555706880,1357,673
670069087419133954,527,204
670061506722140161,646,280
670055038660800512,580,276
670046952931721218,560,147
670040295598354432,640,95
670037189829525505,513,233
670003130994700288,283,76
669993076832759809,276,66
669972011175813120,383,130
669970042633789440,261,43
669942763794931712,434,129
669926384437997569,327,80
669923323644657664,197,50
669753178989142016,688,333
669749430875258880,223,55
669684865554620416,437,74
669683899023405056,331,91
669682095984410625,305,111
669680153564442624,571,239
669661792646373376,700,356
669625907762618368,3044,1538
669603084620980224,830,315
669597912108789760,438,127
669583744538451968,1293,783
669573570759163904,379,117
669571471778410496,1376,860
669567591774625800,198,44
669564461267722241,327,99
669393256313184256,304,60
669375718304980992,1148,613
669371483794317312,424,144
669367896104181761,397,126
669363888236994561,544,197
669359674819481600,320,101
669354382627049472,2323,1071
669353438988365824,555,221
669351434509529089,369,149
669328503091937280,884,353
669327207240699904,485,98
669324657376567296,429,179
669216679721873412,1027,341
669214165781868544,374,132
669203728096960512,866,398
669037058363662336,559,258
669015743032369152,634,319
669006782128353280,502,203
669000397445533696,18114,5408
668994913074286592,382,184
668992363537309700,640,287
668989615043424256,581,284
668988183816871936,779,387
668986018524233728,465,133
668981893510119424,466,253
668979806671884288,686,283
668975677807423489,1129,490
668967877119254528,122,18
668960084974809088,599,206
668955713004314625,233,62
668932921458302977,223,48
668902994700836864,270,85
668892474547511297,341,122
668872652652679168,463,258
668852170888998912,398,139
668826086256599040,373,110
668815180734689280,476,216
668779399630725120,617,318
668655139528511488,459,183
668645506898350081,751,449
668643542311546881,761,439
668641109086707712,923,456
668636665813057536,894,426
668633411083464705,2416,1362
668631377374486528,603,273
668627278264475648,270,95
668625577880875008,321,107
668623201287675904,1226,646
668620235289837568,179,35
668614819948453888,532,265
668587383441514497,1443,911
668567822092664832,202,45
668544745690562560,438,193
668542336805281792,387,178
668537837512433665,219,61
668528771708952576,394,187
668507509523615744,268,86
668496999348633600,348,113
668484198282485761,357,203
668480044826800133,381,125
668466899341221888,749,433
668297328638447616,540,252
668291999406125056,207,26
668286279830867968,426,109
668274247790391296,700,193
668268907921326080,472,204
668256321989451776,1124,505
668248472370458624,811,398
668237644992782336,5313,2368
668226093875376128,240,84
668221241640230912,441,169
668204964695683073,476,168
668190681446379520,559,169
668171859951755264,413,159
668154635664932864,427,265
668142349051129856,496,233
668113020489474048,563,206
667937095915278337,1088,675
667924896115245057,259,95
667915453470232577,179,46
667911425562669056,420,238
667902449697558528,737,323
667886921285246976,1615,896
667885044254572545,713,387
667878741721415682,339,100
667873844930215936,536,330
667866724293877760,2641,876
667861340749471744,216,68
667832474953625600,245,53
667806454573760512,906,411
667801013445750784,275,80
667793409583771648,590,277
667782464991965184,353,208
667773195014021121,198,44
667766675769573376,366,184
667728196545200128,318,125
667724302356258817,416,261
667550904950915073,0,28
667550882905632768,0,25
667549055577362432,4965,1889
667546741521195010,299,104
667544320556335104,744,449
667538891197542400,170,57
667534815156183040,702,438
667530908589760512,402,204
667524857454854144,1464,950
667517642048163840,325,163
667509364010450944,5862,1829
667502640335572993,472,191
667495797102141441,442,227
667491009379606528,446,186
667470559035432960,219,85
667455448082227200,166,53
667453023279554560,276,69
667443425659232256,668,479
667437278097252352,387,198
667435689202614272,262,75
667405339315146752,400,192
667393430834667520,163,50
667369227918143488,322,141
667211855547486208,416,209
667200525029539841,530,223
667192066997374976,321,84
667188689915760640,630,327
667182792070062081,12183,5150
667177989038297088,157,47
667176164155375616,512,375
667174963120574464,215,69
667171260800061440,183,72
667165590075940865,2317,942
667160273090932737,212,50
667152164079423490,41521,14352
667138269671505920,3913,1826
667119796878725120,279,102
667090893657276420,279,104
667073648344346624,341,101
667070482143944705,70,12
667065535570550784,138,39
667062181243039745,189,46
667044094246576128,157,43
667012601033924608,384,183
666996132027977728,207,77
666983947667116034,2178,832
666837028449972224,685,462
666835007768551424,178,63
666826780179869698,213,77
666817836334096384,429,205
666804364988780544,203,79
666786068205871104,643,401
666781792255496192,320,167
666776908487630848,296,146
666739327293083650,202,59
666701168228331520,364,179
666691418707132416,156,41
666649482315059201,973,515
666644823164719104,202,65
666454714377183233,436,174
666447344410484738,86,18
666437273139982337,105,40
666435652385423360,131,41
666430724426358785,268,159
666428276349472768,134,64
666421158376562688,262,90
666418789513326592,100,39
666411507551481857,361,257
666407126856765440,91,30
666396247373291520,145,66
666373753744588802,157,72
666362758909284353,638,462
666353288456101888,169,56
666345417576210432,230,120
666337882303524864,161,78
666293911632134144,416,287
666287406224695296,118,54
666273097616637952,147,66
666268910803644416,96,38
666104133288665088,12513,5356
666102155909144576,62,11
666099513787052032,131,53
666094000022159362,138,63
666082916733198337,89,37
666073100786774016,270,129
666071193221509120,124,49
666063827256086533,387,178
666058600524156928,96,46
666057090499244032,243,111
666055525042405380,359,193
666051853826850816,1005,685
666050758794694657,110,49
666049248165822465,84,35
666044226329800704,242,113
666033412701032449,97,35
666029285002620928,110,39
666020888022790149,2225,416
